88276   66757
66898   13714
58877   87487
69396   12997
53434   62485
69841   67231
51135   99904
75350   18379
87528   59461
33533   35866
88767   25688
70018   18379
25424   37382
46726   68550
41136   44070
81001   57100
48800   20883
68425   87909
32161   69003
18867   53216
58177   19563
67114   46700
48598   90768
49215   39678
50571   65700
57798   56585
87680   69003
81941   15557
25776   32379
61540   58056
30036   13872
72011   69003
74083   56426
87228   81833
49402   73309
20185   37731
79992   61292
83744   53216
51270   88596
65194   46832
83619   84894
61729   48656
22798   27189
17489   88767
72632   85830
20376   74164
14663   10793
75764   18838
42214   79141
73812   70018
77490   16156
58694   13273
84894   57554
89172   61675
26728   10793
38031   20716
42918   72362
71012   67914
54495   54567
46702   63623
43028   14772
35521   30594
67868   67268
34274   24937
20784   48924
35595   84894
34154   24579
44840   59881
36669   56576
41986   66757
46387   17065
44020   21738
84238   17801
36022   30633
71031   18379
64368   17801
10793   84894
20169   34934
18550   70811
88728   62854
66508   64049
18159   54705
39451   58284
42664   38958
23446   75653
97584   43691
78504   58006
26535   53216
15557   21045
28271   47020
36597   50514
46447   13273
95598   22815
93731   81772
32397   42899
52807   58056
26220   59055
95837   54705
67607   97159
37466   45429
43058   45549
26473   38665
68777   98333
22436   91327
88573   18379
61259   13273
38254   22391
93975   44919
57986   86639
77318   62161
84495   36775
81381   69003
57739   16156
60598   40116
33182   57284
93710   40019
37609   19836
78984   38227
22162   87784
55715   79073
63919   45370
90630   87468
25719   18379
94542   80660
46758   65583
81729   67887
38275   92261
98915   65294
56501   83143
26391   18379
20345   88767
90235   72889
76165   65757
34771   17801
11831   85257
17735   15601
82093   80861
74646   34915
18879   15331
62123   90282
76704   10793
35340   46892
17626   57504
73828   23294
60131   44363
93584   10793
62201   44764
19005   87646
35018   42747
47795   36954
41800   78433
80773   85010
80820   34934
22857   81640
37449   10995
82183   24232
45864   46505
36815   48985
54020   13273
81545   88831
62572   18336
44708   64739
66801   97842
59501   12794
67098   75382
21266   53216
58508   43409
84719   20883
45950   65647
70627   47730
94298   87646
11607   88003
99117   20883
17953   13714
31425   86162
85902   88767
88524   97877
63952   35026
19191   38958
79802   15331
57866   56895
62302   46538
78098   95481
20698   43965
84629   80543
41677   21616
27485   27525
75935   45791
31977   16820
10336   78794
38958   13714
84834   61769
96511   44057
12736   28591
89758   59184
53646   54868
15153   91337
32060   34232
27908   45791
16393   78168
25261   52734
60760   38227
25775   20883
16904   29227
62346   53147
47080   42526
93255   70760
89013   13714
43284   69177
65144   93383
48707   87646
57437   58056
11138   75483
24856   38227
29683   60040
98693   55209
77263   69834
30391   66757
33113   47463
65000   34934
31396   62769
46020   54868
99476   85419
11386   68175
13977   58056
86041   38227
62608   84894
80461   68879
42619   35285
18929   71805
91858   28002
19069   58965
61625   39986
13273   26273
58290   17801
31333   73406
95844   13714
29334   65412
24222   38958
76497   34934
47981   89514
81211   34934
43664   54868
74273   56326
45398   62234
98433   24775
26920   45683
27584   53650
63319   34934
54868   94619
43366   21445
71718   67268
83801   64077
61400   87482
61109   73784
95577   95495
27710   62470
68618   60416
14815   48005
99140   22460
19676   93554
66372   67268
44319   54705
73785   38227
67363   93256
37981   18379
64109   73147
38227   20524
50207   32773
15814   34934
35531   51496
87819   40501
77349   59926
53298   53216
93233   89273
39520   53090
12419   18379
60177   30633
75199   20883
56305   61815
32449   20883
34934   92261
27633   70811
41294   76937
34059   83935
55758   53216
95114   20883
73343   17801
58117   34990
10949   96230
50109   62234
83134   69003
42282   73755
98859   16156
77195   34936
68363   70641
27138   56932
54907   69003
48273   34963
54605   38227
62553   53216
17301   70286
21589   53216
96728   66836
17529   35032
89541   25694
51908   91737
29216   88253
37748   45791
38967   87646
25027   17801
37822   70633
16972   67268
65654   34934
89175   95938
92617   45000
83877   83146
44697   90064
66651   38099
78880   82635
37397   39515
95633   50909
43655   21622
64537   89934
40450   87646
35026   13138
50317   65063
36367   26063
72620   55251
92261   88897
65227   38227
55208   18379
75345   90329
42971   21974
23437   67268
67508   18379
30045   16156
26319   27240
94064   38227
82690   76351
72650   67139
50246   22712
43186   15747
95740   20883
93191   13714
18379   83628
88847   15557
93995   58056
29163   63382
14073   83041
58056   28252
38419   50517
72129   36822
60430   16927
53216   85921
26547   13714
83079   62059
93135   19940
77493   16156
12140   39266
95863   62615
95009   62234
54331   24152
41336   16156
28390   19287
30001   15504
16467   53692
41976   83571
72803   87214
13293   10867
81616   64934
55833   82155
56308   56036
37379   88011
82304   45791
25192   91524
61301   79890
50596   22365
89256   17501
51767   58056
99750   82991
73773   58056
55989   92694
97758   54705
10410   66836
53668   15557
77104   98199
68379   93700
77163   45791
28265   83674
90246   87646
16607   53216
96931   10986
58164   69003
73496   26903
48229   87646
45012   92261
66692   73386
37875   67293
46075   58056
48894   16156
99826   28966
14013   13714
71154   75281
66577   52658
36276   67971
19745   67976
50165   16045
38691   39831
95886   24698
52404   53216
29053   41597
54601   58906
78577   47079
88081   48581
22120   68666
26351   62161
65154   38227
94729   14427
24835   54705
47235   67268
73145   32949
36917   15557
20883   84370
52413   13273
34176   16318
63332   34982
31710   67268
71774   39986
85579   81359
41953   47411
97551   35053
71600   37157
59341   10793
31814   20883
95286   28138
76385   70018
55251   30633
90169   38227
29732   99935
13303   49689
72252   88468
17173   58056
28700   70149
17812   87646
53025   85815
59430   39986
12042   87646
58967   13714
85014   67196
46781   35030
39766   17397
73197   13714
90285   37175
79561   77643
20685   38227
76311   44446
79752   59320
43455   38958
20101   54705
40723   99694
99036   70018
15360   54965
83359   12873
24092   54868
74245   71718
78493   62161
18109   55721
33181   59369
30810   19435
49318   94743
48376   62161
66515   87414
85559   15557
52603   44720
15485   20883
96967   27019
82449   12132
15134   15557
77060   87646
15232   30633
84525   81344
78813   58056
94671   35026
42843   99195
74833   49878
66138   57461
76441   78545
48947   16156
40084   46125
39507   31266
22913   92912
57276   34580
58685   89739
79898   91562
31508   38958
81103   18379
22402   53216
20796   81856
12508   83048
15845   58056
13737   53216
44058   35703
50103   42524
96114   18379
77456   54868
11099   66757
55100   93538
66890   28815
34647   20001
89464   88767
59790   54705
66352   58056
22083   35759
50907   38958
53119   44593
63810   43558
80195   52839
23998   80406
68579   58056
83066   86161
54633   62161
11848   45107
39398   30633
55018   58056
15490   11285
22818   95835
70014   28867
84784   57746
56723   65352
42172   87903
27501   86600
68628   91343
26910   91216
69452   34934
55377   84894
75773   23086
76624   92261
95112   61352
87646   75410
17801   88973
87295   24188
44500   71189
44268   79027
36127   34510
47954   81842
32935   64378
82874   36571
43736   81253
35398   70328
57240   38596
66137   79284
70642   82128
26664   92184
21077   11347
18083   89605
68347   85815
43546   38958
59969   30633
97915   89890
27970   16300
34897   96640
68826   76961
62321   88767
31006   76074
84746   15053
90395   63856
79681   67268
21845   48545
14083   20504
27976   29312
55683   66305
37310   34934
97078   16156
59224   10730
97516   36549
97794   66592
68947   10793
92999   97170
90600   66144
60922   28741
94745   79303
92352   40342
23167   59932
58643   88767
26061   66757
81562   67268
62234   32838
32629   78332
55857   18379
86338   71709
33959   58121
49952   51180
25710   92469
89653   71788
29597   16156
48607   87881
45503   54705
34827   16156
55026   94098
79004   34934
49530   95083
63035   28344
21467   54751
32990   34915
37155   34934
86903   55251
99869   10108
92845   47298
23477   60183
49028   56651
85415   68503
86639   15557
92362   38227
47938   34915
56412   12304
53250   75369
97330   76347
34681   91259
63641   90665
23187   58997
30279   71718
69161   67268
85026   63209
39547   34932
26347   30633
38232   39986
58398   76836
20322   33664
15669   20883
58858   98658
22292   13714
29471   20883
90339   49702
79941   49173
27230   84894
72115   63029
82786   84894
91405   80172
37597   67268
69470   31565
92310   34934
31838   29399
45720   89342
81126   29470
18163   93980
84101   30633
68690   15557
81944   16156
75593   91824
84103   15557
47576   73920
67268   20560
81782   20731
34915   99203
90879   87413
37594   36392
66147   68848
79839   70811
15112   56365
12908   39986
84519   10676
59355   62234
82078   62008
55861   47549
29250   34934
61882   50287
87566   54557
92451   60436
81915   47513
97640   19090
85815   17801
99849   47705
63018   91614
28370   55251
48533   86597
80523   34459
31016   59020
58468   54705
43628   70018
64414   80703
44240   34915
11713   84894
38810   71311
96131   35026
88407   10936
93559   85865
13946   26160
47619   18379
10982   83917
11173   70811
90206   66757
92293   88623
76729   18379
43385   15557
21688   32112
34259   85603
89157   66836
57155   10498
24597   39986
74759   69825
78307   34934
39986   43335
27292   81803
16156   85627
63506   13714
31033   14568
37996   41539
62762   67268
16153   88612
52242   84125
15408   49872
62161   38958
83394   10793
41640   80576
81262   38958
63439   54311
56270   18379
70128   66836
14772   88767
49672   85815
65463   43259
36553   45228
91426   85016
87810   84894
60238   91756
25042   30633
24118   20883
89578   59592
12535   28169
98679   54868
66756   13714
32315   60740
54236   16156
57742   82952
88687   30613
27546   11813
38444   39309
54413   56057
61066   67268
50625   68918
64691   55378
14588   56691
82277   37006
86045   84894
10805   57086
26418   67268
33509   60476
92241   66836
16301   86823
33262   10793
63819   52670
60290   10793
27878   53216
62757   98193
33736   34915
54632   87646
98296   43032
40338   67268
39847   41598
68719   18379
26251   33052
31242   69560
17968   56471
65814   53535
87166   25880
66068   54868
63451   88767
75377   41062
76019   55251
31860   12486
16990   16698
68237   18379
97234   66836
10354   66836
90915   87646
57030   58056
46774   54705
98324   53216
62884   53216
69753   66391
40694   13975
29722   13273
82408   55251
78426   58056
36510   38227
82646   67268
60802   87646
22506   66757
41287   15557
70889   66836
42747   67268
63269   90043
94305   82436
83292   22670
99601   39551
28090   66757
75509   41388
72603   75763
83377   27121
60842   29742
75682   69003
22941   91520
17444   96589
74802   74511
14072   22164
87701   16156
34656   38958
46875   55251
27302   96310
48261   18379
76463   18379
82028   62161
73870   40972
61202   55251
42408   53216
35464   98985
70524   58056
82046   15557
36533   67481
57066   23899
46809   62234
68136   20883
96003   77821
91179   95184
48169   34915
66757   59886
13487   16156
31943   86757
30614   70811
49160   70309
73079   39722
48309   37895
37764   71680
69645   37598
73753   45296
40007   70018
28731   65261
52577   81921
24804   16156
45279   98310
50104   87161
58957   38666
74242   18712
82526   81245
53224   62161
28710   65636
16639   38227
35975   41678
69003   35735
32252   61054
45703   27344
43201   66152
69422   11795
28861   13714
96176   25321
59974   64702
41775   15018
28765   63103
68451   88767
70833   53291
91438   85815
14337   26868
92555   72661
82354   83663
91403   27206
36010   53118
71745   70672
76896   44797
80599   13649
68209   27383
37710   98935
93904   82659
30193   42747
41556   54705
66899   17801
94568   67268
54705   54705
81380   38382
34483   91559
65507   15462
30120   99282
29450   30633
42736   25981
53346   20223
14757   13261
40165   24578
79668   30274
41837   30633
84503   41456
20697   22277
25413   30633
42745   27488
20196   25861
46639   37155
20938   62045
72750   54705
30633   88177
69800   53727
15331   73432
70263   84538
45791   36671
82870   97037
19018   13504
51852   36396
27414   84869
34329   56409
92239   59556
84367   37071
77053   63830
22196   48976
85126   31004
47732   10793
61744   34934
98222   54705
97357   50118
70811   34934
16481   50585
43767   24227
35217   61159
61111   62161
12172   98529
73660   54705
86799   56295
81356   16570
11180   80373
63364   92261
56016   17801
36532   99212
50093   54344
49544   57185
77019   34915
48935   20883
59500   47386
84514   72550
10182   25351
84993   85337
32090   55251
52538   53216
44305   94306
35273   84894
82847   74140
14193   33678
12518   12093
30971   80895
63688   47385
92997   87012
84824   54652
61855   58056
54244   45791
21885   92261
69802   29445
84492   19896
72691   45791
88759   80738
14184   51249
80558   90751
52320   36978
72459   54705
35029   92752
95586   27377
20863   97024
88115   34934
66836   61708
77227   55251
45790   58056
78529   53216
24755   35026
66458   73956
88377   72500
89711   62749
19124   19344
34822   18299
22669   54705
13714   85665
34557   15331
82299   87216
29716   79261
75280   13714
57005   66540
13298   92583
23203   15204
99989   67268
33132   98670
22248   92416
54269   95004
52385   61354
16123   23411
41031   71595
61081   64062
16985   96641
50927   69003
49258   86025
51058   58056
12476   34934
41318   43346
20691   25148
22660   17801
76815   26086
36438   47508